0 1 0
1 1 1
4 2 0
5 2 1
947 3 0
948 3 1
948 4 0
948 5 0
948 6 0
948 7 0
949 4 1
949 8 0
949 9 0
949 10 0
950 5 1
950 11 0
950 3 2
951 6 1
951 7 1
952 8 1
952 9 1
953 10 1
954 4 2
955 5 2
956 6 2
957 7 2
958 8 2
959 9 2
959 12 0
959 13 0
959 14 0
960 15 0
960 10 2
960 16 0
960 17 0
960 18 0
961 11 1
961 19 0
961 20 0
961 21 0
962 22 0
962 12 1
962 23 0
962 24 0
962 25 0
963 3 3
963 13 1
964 14 1
964 15 1
965 16 1
965 17 1
966 18 1
966 19 1
967 20 1
967 21 1
968 22 1
968 23 1
969 24 1
970 11 2
971 12 2
972 13 2
973 14 2
974 15 2
975 16 2
976 17 2
977 18 2
978 19 2
979 20 2
980 21 2
980 4 1
981 22 2
981 5 1
982 23 2
982 6 1
983 24 2
983 7 1
984 4 2
984 8 1
985 5 2
985 9 1
986 6 2
986 10 1
987 7 2
988 8 2
989 9 2
989 3 2
990 10 2
993 11 3
994 12 3
997 13 3
998 14 3
1001 15 3
1002 16 3
1005 17 3
1005 19 1
1005 20 1
1006 18 3
1006 21 1
1007 19 2
1007 22 1
1008 20 2
1008 23 1
1009 21 2
1009 24 1
1010 22 2
1010 4 1
1011 23 2
1011 5 1
1012 24 2
1012 6 1
1013 4 2
1013 7 1
1014 5 2
1014 8 1
1015 6 2
1015 3 1
1015 9 1
1016 7 2
1016 10 1
1016 26 0
1016 27 0
1017 8 2
1017 28 0
1018 25 1
1018 26 1
1019 27 1
1019 11 2
1019 28 1
1021 9 2
1021 12 2
1021 10 2
1023 25 2
1023 13 2
1023 26 2
1025 27 2
1025 14 2
1025 28 2
1029 19 3
1029 15 2
1029 16 2
1029 20 3
1033 21 3
1033 17 2
1033 18 2
1033 22 3
1037 23 3
1037 24 3
1041 4 3
1041 6 1
1041 5 3
1043 6 2
1043 8 1
1045 8 2
1045 11 1
1045 7 3
1047 11 2
1047 10 1
1047 12 1
1049 10 2
1049 13 1
1049 25 1
1049 26 1
1049 9 3
1051 12 2
1051 14 1
1051 27 1
1051 28 1
1051 13 2
1053 25 2
1053 26 2
1055 14 2
1055 15 1
1055 16 1
1055 19 2
1055 20 2
1055 27 2
1057 28 2
1057 15 2
1059 16 2
1059 18 1
1059 21 2
1059 22 2
1061 18 2
1061 17 3
1065 6 3
1065 23 2
1065 24 2
1065 8 3
1069 11 3
1069 4 2
1069 5 2
1069 10 3
1073 12 3
1073 7 2
1073 13 3
1077 25 3
1077 9 2
1077 26 3
1081 14 3
1081 20 1
1081 27 1
1081 19 3
1083 20 2
1083 15 1
1083 28 1
1083 27 2
1085 15 2
1085 16 1
1085 21 1
1085 22 1
1085 28 2
1087 16 2
1087 17 2
1087 18 1
1087 21 2
1089 22 2
1089 18 2
1091 6 2
1091 8 2
1092 24 2
1095 4 3
1095 10 2
1095 11 2
1096 5 3
1099 7 3
1099 12 2
1099 13 2
1100 9 3
1103 20 3
1103 25 2
1103 26 2
1104 27 3
1107 15 3
1107 14 2
1107 19 2
1108 28 3
1111 16 3
1112 17 3
1115 21 3
1115 22 1
1116 18 3
1117 22 2
1117 8 1
1117 23 1
1119 8 2
1119 23 1
1120 6 3
1123 10 3
1123 4 2
1123 5 2
1124 11 3
1127 12 3
1127 7 2
1127 9 2
1128 13 3
1131 25 3
1131 20 2
1131 27 2
1132 26 3
1135 14 3
1135 15 2
1135 28 2
1136 19 3
1139 22 3
1139 16 2
1139 17 2
1140 8 3
1143 4 3
1143 18 2
1143 21 2
1144 5 3
1147 7 3
1147 6 2
1148 9 3
1151 20 3
1151 10 2
1151 11 2
1152 27 3
1155 15 3
1155 12 2
1155 13 2
1156 28 3
1159 16 3
1159 25 2
1159 26 2
1160 17 3
1163 18 3
1163 14 2
1163 19 2
1164 21 3
1164 10 2
1166 6 2
1166 8 2
1166 22 2
1168 11 3
1170 12 3
1170 4 2
1170 5 2
1172 13 3
1174 25 3
1174 7 2
1174 9 2
1176 26 3
1178 14 3
1178 20 2
1178 27 2
1180 19 3
1182 8 3
1182 15 2
1182 28 2
1184 22 3
1186 4 3
1186 16 2
1186 17 2
1188 5 2
1188 9 2
1188 20 2
1188 27 2
1188 15 2
1188 28 2
1188 16 2
1188 17 2
1188 18 3
1189 21 3
1189 11 3
1189 12 3
1189 13 3
1189 25 3
1189 26 3
1189 14 3
1189 19 3
1190 7 3
1190 8 3
1190 4 3
1190 7 3
1191 22 3
1191 3 1